1 0.999914 0.999657 0.999229 0.99863 0.997859 0.996917 0.995805 0.994522 0.993068 0.991445 0.989651 0.987688 0.985556 0.983255 0.980785 0.978148 0.975342 0.97237 0.969231 0.965926 0.962455 0.95882 0.95502 0.951057 0.94693 0.942642 0.938191 0.933581 0.92881 0.92388 0.918791 0.913546 0.908143 0.902585 0.896873 0.891007 0.884988 0.878817 0.872496 0.866026 0.859407 0.85264 0.845728 0.838671 0.83147 0.824126 0.816642 0.809017 0.801254 0.793353 0.785317 0.777146 0.768842 0.760406 0.75184 0.743145 0.734323 0.725374 0.716302 0.707107 0.697791 0.688355 0.678801 0.669131 0.659346 0.649448 0.639439 0.62932 0.619094 0.608762 0.598325 0.587785 0.577145 0.566406 0.55557 0.544639 0.533615 0.522499 0.511293 0.5 0.488621 0.477159 0.465615 0.453991 0.442289 0.430511 0.41866 0.406737 0.394744 0.382684 0.370558 0.358368 0.346117 0.333807 0.32144 0.309017 0.296542 0.284015 0.271441 0.258819 0.246153 0.233445 0.220697 0.207912 0.19509 0.182236 0.16935 0.156434 0.143493 0.130526 0.117537 0.104528 0.0915016 0.0784591 0.0654031 0.052336 0.0392598 0.026177 0.0130896 0 
0.999914 0.997531 0.997443 0.997178 0.996736 0.996118 0.995323 0.994351 0.993204 0.99188 0.990381 0.988706 0.986856 0.984831 0.982632 0.980258 0.977711 0.974991 0.972097 0.969032 0.965795 0.962386 0.958807 0.955059 0.951141 0.947054 0.9428 0.938378 0.93379 0.929037 0.924119 0.919038 0.913793 0.908387 0.902819 0.897092 0.891206 0.885162 0.878961 0.872604 0.866092 0.859427 0.85261 0.845642 0.838524 0.831257 0.823843 0.816283 0.808578 0.80073 0.79274 0.78461 0.776341 0.767934 0.759391 0.750713 0.741902 0.73296 0.723888 0.714688 0.705361 0.695909 0.686334 0.676637 0.666821 0.656886 0.646835 0.636669 0.62639 0.616 0.605501 0.594895 0.584184 0.573369 0.562452 0.551435 0.540321 0.529112 0.517808 0.506413 0.494928 0.483355 0.471696 0.459954 0.448131 0.436228 0.424248 0.412192 0.400064 0.387864 0.375596 0.363262 0.350863 0.338401 0.32588 0.313301 0.300667 0.287979 0.275241 0.262453 0.249619 0.236741 0.223821 0.210861 0.197864 0.184831 0.171766 0.158671 0.145547 0.132398 0.119225 0.106031 0.0928184 0.0795892 0.0663459 0.0530908 0.0398263 0.0265548 0.0132786 0 -0.0130893 
0.999657 0.997443 0.994453 0.994362 0.994088 0.993632 0.992994 0.992174 0.991172 0.989989 0.988623 0.987077 0.985349 0.983441 0.981353 0.979084 0.976636 0.974009 0.971203 0.968219 0.965058 0.96172 0.958205 0.954515 0.950649 0.94661 0.942397 0.93801 0.933452 0.928723 0.923824 0.918755 0.913517 0.908113 0.902541 0.896804 0.890903 0.884838 0.878611 0.872223 0.865675 0.858968 0.852104 0.845084 0.837908 0.830579 0.823098 0.815466 0.807684 0.799754 0.791677 0.783455 0.77509 0.766582 0.757934 0.749147 0.740223 0.731163 0.721968 0.712642 0.703185 0.693598 0.683885 0.674046 0.664084 0.653999 0.643795 0.633473 0.623035 0.612482 0.601817 0.591042 0.580159 0.569169 0.558074 0.546878 0.535581 0.524185 0.512694 0.501109 0.489432 0.477665 0.46581 0.45387 0.441847 0.429743 0.41756 0.4053 0.392967 0.380561 0.368085 0.355542 0.342933 0.330262 0.31753 0.30474 0.291894 0.278995 0.266044 0.253045 0.239999 0.226909 0.213778 0.200607 0.1874 0.174158 0.160885 0.147581 0.134251 0.120896 0.107519 0.0941226 0.0807085 0.0672797 0.0538386 0.0403876 0.0269292 0.0134658 0 -0.0132783 -0.0261766 
0.999229 0.997178 0.994362 0.990767 0.990673 0.99039 0.98992 0.989262 0.988416 0.987383 0.986162 0.984753 0.983158 0.981376 0.979408 0.977254 0.974914 0.972389 0.96968 0.966786 0.963709 0.960449 0.957007 0.953383 0.949578 0.945593 0.941428 0.937084 0.932563 0.927864 0.922989 0.917939 0.912715 0.907318 0.901748 0.896007 0.890096 0.884016 0.877768 0.871353 0.864773 0.858029 0.851122 0.844053 0.836824 0.829437 0.821891 0.81419 0.806334 0.798325 0.790165 0.781854 0.773395 0.764789 0.756038 0.747144 0.738107 0.728931 0.719616 0.710164 0.700578 0.690858 0.681008 0.671028 0.660921 0.650688 0.640332 0.629854 0.619257 0.608542 0.597711 0.586767 0.575712 0.564547 0.553275 0.541898 0.530418 0.518838 0.507159 0.495383 0.483514 0.471553 0.459502 0.447364 0.435141 0.422836 0.41045 0.397986 0.385447 0.372835 0.360152 0.3474 0.334582 0.321701 0.308759 0.295759 0.282702 0.269591 0.256429 0.243219 0.229962 0.216662 0.203321 0.189941 0.176524 0.163075 0.149594 0.136085 0.122551 0.108992 0.0954137 0.0818169 0.0682045 0.0545791 0.0409434 0.0272999 0.0136513 0 -0.0134655 -0.0265545 -0.0392595 
0.99863 0.996736 0.994088 0.990673 0.986475 0.986377 0.986086 0.985601 0.984923 0.98405 0.982984 0.981724 0.980272 0.978626 0.976788 0.974758 0.972537 0.970124 0.96752 0.964726 0.961742 0.958568 0.955207 0.951657 0.947921 0.943997 0.939888 0.935595 0.931117 0.926456 0.921613 0.916588 0.911384 0.906 0.900438 0.894698 0.888783 0.882693 0.876429 0.869993 0.863386 0.856609 0.849663 0.84255 0.835272 0.827829 0.820224 0.812457 0.80453 0.796445 0.788204 0.779807 0.771257 0.762555 0.753703 0.744704 0.735557 0.726266 0.716832 0.707257 0.697543 0.687692 0.677705 0.667585 0.657334 0.646954 0.636446 0.625813 0.615057 0.60418 0.593184 0.582072 0.570845 0.559505 0.548056 0.536499 0.524836 0.51307 0.501203 0.489238 0.477176 0.465021 0.452774 0.440438 0.428015 0.415508 0.40292 0.390252 0.377508 0.364689 0.351798 0.338838 0.325812 0.312721 0.299569 0.286358 0.273091 0.25977 0.246398 0.232978 0.219511 0.206002 0.192452 0.178864 0.165241 0.151585 0.1379 0.124187 0.11045 0.0966914 0.0829137 0.0691197 0.0553121 0.0414936 0.0276669 0.0138348 0 -0.013651 -0.0269289 -0.039826 -0.0523357 
0.997859 0.996118 0.993632 0.99039 0.986377 0.981579 0.981479 0.981179 0.980679 0.979979 0.979078 0.977979 0.97668 0.975181 0.973484 0.971588 0.969495 0.967203 0.964714 0.962029 0.959147 0.95607 0.952798 0.949332 0.945671 0.941819 0.937774 0.933538 0.929111 0.924495 0.919691 0.914699 0.90952 0.904156 0.898608 0.892876 0.886962 0.880868 0.874594 0.868141 0.861512 0.854707 0.847727 0.840575 0.833251 0.825757 0.818095 0.810266 0.802272 0.794115 0.785795 0.777315 0.768677 0.759882 0.750932 0.741828 0.732574 0.72317 0.713619 0.703922 0.694082 0.6841 0.673978 0.663719 0.653325 0.642798 0.632139 0.621352 0.610438 0.599399 0.588239 0.576958 0.56556 0.554046 0.542419 0.530682 0.518836 0.506885 0.494831 0.482675 0.470421 0.458071 0.445628 0.433094 0.420471 0.407763 0.394972 0.3821 0.36915 0.356125 0.343027 0.329859 0.316624 0.303325 0.289963 0.276543 0.263066 0.249536 0.235954 0.222325 0.20865 0.194932 0.181175 0.167381 0.153553 0.139693 0.125805 0.111892 0.0979551 0.0839987 0.0700251 0.0560372 0.0420379 0.02803 0.0140164 0 -0.0138345 -0.0272996 -0.0403873 -0.0530905 -0.0654028 
0.996917 0.995323 0.992994 0.98992 0.986086 0.981479 0.976084 0.975981 0.975671 0.975155 0.974433 0.973504 0.97237 0.97103 0.969484 0.967734 0.965778 0.963619 0.961255 0.958689 0.955919 0.952947 0.949774 0.9464 0.942825 0.939051 0.935079 0.930908 0.926541 0.921978 0.917219 0.912267 0.907122 0.901784 0.896256 0.890539 0.884633 0.87854 0.872261 0.865797 0.859151 0.852322 0.845314 0.838126 0.830762 0.823221 0.815507 0.807619 0.799562 0.791334 0.78294 0.77438 0.765656 0.75677 0.747724 0.73852 0.72916 0.719645 0.709978 0.700161 0.690196 0.680085 0.66983 0.659433 0.648897 0.638223 0.627415 0.616474 0.605402 0.594203 0.582877 0.571429 0.559859 0.548171 0.536367 0.52445 0.512421 0.500285 0.488042 0.475696 0.46325 0.450706 0.438066 0.425333 0.412511 0.399601 0.386607 0.373531 0.360376 0.347145 0.333841 0.320465 0.307022 0.293514 0.279944 0.266315 0.252629 0.23889 0.225101 0.211263 0.197381 0.183458 0.169495 0.155497 0.141466 0.127405 0.113316 0.0992044 0.0850714 0.0709203 0.0567543 0.0425762 0.0283891 0.0141961 0 -0.0140161 -0.0276666 -0.0409431 -0.0538383 -0.0663456 -0.0784588 
0.995805 0.994351 0.992174 0.989262 0.985601 0.981179 0.975981 0.969992 0.969886 0.969566 0.969034 0.968289 0.967331 0.966161 0.964778 0.963184 0.961378 0.959362 0.957134 0.954696 0.952049 0.949192 0.946128 0.942855 0.939375 0.935689 0.931798 0.927702 0.923402 0.918899 0.914195 0.90929 0.904185 0.898882 0.893381 0.887684 0.881793 0.875707 0.869429 0.862961 0.856303 0.849456 0.842424 0.835206 0.827805 0.820222 0.812459 0.804517 0.796399 0.788106 0.77964 0.771003 0.762196 0.753222 0.744083 0.73478 0.725316 0.715693 0.705912 0.695977 0.685888 0.675649 0.665262 0.654728 0.644051 0.633233 0.622275 0.611181 0.599952 0.588592 0.577102 0.565486 0.553745 0.541883 0.529902 0.517805 0.505594 0.493271 0.480841 0.468305 0.455666 0.442927 0.430091 0.41716 0.404138 0.391027 0.37783 0.36455 0.35119 0.337753 0.324242 0.310659 0.297009 0.283293 0.269515 0.255678 0.241784 0.227838 0.213841 0.199798 0.18571 0.171582 0.157416 0.143216 0.128984 0.114724 0.100439 0.0861314 0.071805 0.057463 0.0431083 0.0287441 0.0143736 0 -0.0141958 -0.0280297 -0.0414933 -0.0545788 -0.0672794 -0.0795889 -0.0915013 
0.994522 0.993204 0.991172 0.988416 0.984923 0.980679 0.975671 0.969886 0.963308 0.963198 0.962868 0.962319 0.96155 0.960562 0.959355 0.957929 0.956284 0.954421 0.952341 0.950043 0.947529 0.944798 0.941852 0.938691 0.935316 0.931727 0.927926 0.923913 0.91969 0.915257 0.910615 0.905765 0.900708 0.895446 0.88998 0.884311 0.87844 0.872369 0.866098 0.859631 0.852967 0.846108 0.839056 0.831813 0.824381 0.81676 0.808953 0.800961 0.792787 0.784431 0.775897 0.767186 0.7583 0.749241 0.740011 0.730612 0.721046 0.711316 0.701424 0.691371 0.681161 0.670796 0.660278 0.649608 0.638791 0.627828 0.616722 0.605475 0.59409 0.58257 0.570916 0.559132 0.547221 0.535185 0.523027 0.510749 0.498356 0.485848 0.473229 0.460503 0.447671 0.434738 0.421705 0.408576 0.395354 0.382041 0.368642 0.355158 0.341594 0.327951 0.314234 0.300445 0.286587 0.272664 0.258679 0.244635 0.230535 0.216382 0.20218 0.187932 0.173641 0.159311 0.144944 0.130544 0.116114 0.101658 0.0871783 0.072679 0.0581631 0.0436339 0.0290948 0.0145491 0 -0.0143733 -0.0283888 -0.0420376 -0.0553118 -0.0682042 -0.0807082 -0.0928181 -0.104528 
0.993068 0.99188 0.989989 0.987383 0.98405 0.979979 0.975155 0.969566 0.963198 0.956034 0.95592 0.95558 0.955014 0.954221 0.953201 0.951956 0.950484 0.948788 0.946866 0.94472 0.942349 0.939756 0.936939 0.9339 0.93064 0.927159 0.923458 0.919538 0.9154 0.911045 0.906474 0.901688 0.896688 0.891475 0.886051 0.880417 0.874574 0.868524 0.862267 0.855806 0.849143 0.842278 0.835213 0.82795 0.82049 0.812836 0.80499 0.796952 0.788726 0.780312 0.771713 0.762932 0.753969 0.744828 0.735509 0.726017 0.716352 0.706518 0.696516 0.686348 0.676018 0.665528 0.654879 0.644076 0.63312 0.622013 0.610759 0.59936 0.58782 0.576139 0.564322 0.552371 0.54029 0.52808 0.515745 0.503287 0.49071 0.478017 0.46521 0.452294 0.439269 0.426141 0.412912 0.399584 0.386162 0.372649 0.359047 0.345359 0.33159 0.317742 0.303819 0.289824 0.27576 0.261631 0.24744 0.23319 0.218885 0.204527 0.190122 0.175671 0.161178 0.146648 0.132082 0.117485 0.102861 0.0882117 0.0735417 0.0588543 0.044153 0.0294411 0.0147223 0 -0.0145488 -0.0287438 -0.0425759 -0.0560369 -0.0691194 -0.0818166 -0.0941222 -0.106031 -0.117537 
0.991445 0.990381 0.988623 0.986162 0.982984 0.979078 0.974433 0.969034 0.962868 0.95592 0.948176 0.948059 0.947708 0.947123 0.946305 0.945253 0.943968 0.94245 0.940699 0.938716 0.936502 0.934057 0.931381 0.928475 0.925341 0.921978 0.918387 0.91457 0.910527 0.90626 0.901769 0.897055 0.89212 0.886965 0.881592 0.876 0.870193 0.864171 0.857935 0.851488 0.844831 0.837965 0.830893 0.823615 0.816135 0.808453 0.800571 0.792492 0.784218 0.77575 0.76709 0.758242 0.749206 0.739985 0.730582 0.720999 0.711237 0.7013 0.69119 0.68091 0.670462 0.659848 0.649071 0.638134 0.62704 0.615791 0.60439 0.59284 0.581144 0.569304 0.557324 0.545206 0.532954 0.52057 0.508058 0.495421 0.482661 0.469782 0.456787 0.44368 0.430463 0.41714 0.403714 0.390188 0.376566 0.362851 0.349047 0.335156 0.321183 0.307131 0.293002 0.278802 0.264533 0.250198 0.235802 0.221347 0.206838 0.192278 0.17767 0.163019 0.148327 0.133599 0.118838 0.104047 0.0892312 0.074393 0.0595365 0.0446652 0.0297829 0.0148933 0 -0.014722 -0.0290945 -0.043108 -0.056754 -0.0700248 -0.0829134 -0.0954134 -0.107519 -0.119225 -0.130526 
0.989651 0.988706 0.987077 0.984753 0.981724 0.977979 0.973504 0.968289 0.962319 0.95558 0.948059 0.939738 0.939617 0.939255 0.938652 0.937807 0.936722 0.935395 0.933829 0.932023 0.929977 0.927692 0.925169 0.922408 0.919411 0.916177 0.912707 0.909004 0.905066 0.900897 0.896495 0.891864 0.887003 0.881914 0.876599 0.871059 0.865295 0.859308 0.853101 0.846675 0.840031 0.833171 0.826097 0.818811 0.811315 0.80361 0.795699 0.787583 0.779265 0.770747 0.762031 0.753119 0.744013 0.734717 0.725231 0.71556 0.705704 0.695667 0.685452 0.67506 0.664495 0.653759 0.642856 0.631787 0.620556 0.609165 0.597618 0.585917 0.574066 0.562067 0.549924 0.53764 0.525217 0.51266 0.499971 0.487153 0.474211 0.461146 0.447963 0.434665 0.421255 0.407737 0.394114 0.38039 0.366569 0.352653 0.338646 0.324553 0.310376 0.296119 0.281786 0.267381 0.252908 0.238369 0.223769 0.209111 0.1944 0.179639 0.164832 0.149982 0.135094 0.120171 0.105217 0.0902365 0.0752325 0.0602092 0.0451705 0.0301201 0.015062 0 -0.014893 -0.0294408 -0.0436336 -0.0574627 -0.07092 -0.0839984 -0.0966911 -0.108992 -0.120896 -0.132398 -0.143492 
0.987688 0.986856 0.985349 0.983158 0.980272 0.97668 0.97237 0.967331 0.96155 0.955014 0.947708 0.939617 0.930726 0.930601 0.930227 0.929605 0.928733 0.927613 0.926244 0.924627 0.922763 0.920652 0.918294 0.915691 0.912842 0.909749 0.906412 0.902833 0.899012 0.89495 0.890649 0.886109 0.881332 0.876319 0.871072 0.865591 0.859878 0.853936 0.847764 0.841366 0.834743 0.827895 0.820827 0.813538 0.806032 0.79831 0.790374 0.782227 0.77387 0.765306 0.756537 0.747566 0.738394 0.729025 0.719461 0.709704 0.699757 0.689622 0.679303 0.668802 0.658122 0.647266 0.636237 0.625037 0.61367 0.602139 0.590446 0.578596 0.56659 0.554433 0.542127 0.529676 0.517084 0.504352 0.491486 0.478489 0.465363 0.452113 0.438741 0.425252 0.411649 0.397937 0.384117 0.370195 0.356173 0.342057 0.327848 0.313552 0.299172 0.284712 0.270175 0.255567 0.24089 0.226148 0.211346 0.196487 0.181576 0.166616 0.151611 0.136566 0.121484 0.10637 0.0912271 0.0760599 0.0608724 0.0456685 0.0304525 0.0152283 0 -0.0150617 -0.0297826 -0.0441527 -0.0581628 -0.0718048 -0.0850711 -0.0979549 -0.11045 -0.12255 -0.134251 -0.145547 -0.156434 
0.985556 0.984831 0.983441 0.981376 0.978626 0.975181 0.97103 0.966161 0.960562 0.954221 0.947123 0.939255 0.930601 0.921144 0.921016 0.92063 0.919987 0.919087 0.917931 0.916518 0.91485 0.912925 0.910746 0.908313 0.905626 0.902686 0.899494 0.896051 0.892358 0.888415 0.884225 0.879787 0.875104 0.870177 0.865006 0.859594 0.853942 0.848052 0.841924 0.835562 0.828966 0.822139 0.815082 0.807798 0.800288 0.792554 0.784599 0.776426 0.768035 0.75943 0.750613 0.741586 0.732352 0.722914 0.713273 0.703434 0.693398 0.683169 0.672749 0.66214 0.651348 0.640373 0.629219 0.61789 0.606388 0.594717 0.582879 0.570879 0.55872 0.546404 0.533936 0.521319 0.508556 0.495652 0.482608 0.469431 0.456122 0.442685 0.429125 0.415446 0.40165 0.387742 0.373726 0.359605 0.345384 0.331067 0.316657 0.302158 0.287576 0.272913 0.258173 0.243362 0.228483 0.21354 0.198537 0.183479 0.16837 0.153213 0.138014 0.122777 0.107505 0.0922026 0.0768749 0.0615257 0.0461593 0.03078 0.0153922 0 -0.015228 -0.0301198 -0.0446649 -0.058854 -0.0726787 -0.0861311 -0.0992041 -0.111891 -0.124187 -0.136085 -0.147581 -0.158671 -0.169349 
0.983255 0.982632 0.981353 0.979408 0.976788 0.973484 0.969484 0.964778 0.959355 0.953201 0.946305 0.938652 0.930227 0.921016 0.911 0.910867 0.910469 0.909805 0.908876 0.907682 0.906224 0.904501 0.902515 0.900266 0.897754 0.89498 0.891946 0.888651 0.885098 0.881286 0.877218 0.872894 0.868315 0.863483 0.8584 0.853066 0.847484 0.841654 0.83558 0.829261 0.822701 0.815901 0.808864 0.80159 0.794083 0.786344 0.778376 0.770181 0.761762 0.753121 0.74426 0.735182 0.72589 0.716386 0.706673 0.696754 0.686633 0.676311 0.665792 0.655078 0.644174 0.633082 0.621806 0.610348 0.598713 0.586902 0.574921 0.562772 0.550459 0.537986 0.525356 0.512573 0.49964 0.486561 0.473341 0.459983 0.44649 0.432868 0.419119 0.405248 0.391259 0.377156 0.362943 0.348625 0.334204 0.319686 0.305075 0.290375 0.275591 0.260726 0.245785 0.230772 0.215692 0.20055 0.185348 0.170093 0.154788 0.139438 0.124048 0.108621 0.0931627 0.0776771 0.0621689 0.0466425 0.0311026 0.0155535 0 -0.0153919 -0.0304522 -0.0451702 -0.0595362 -0.0735414 -0.087178 -0.100438 -0.113316 -0.125805 -0.137899 -0.149594 -0.160884 -0.171766 -0.182235 
0.980785 0.980258 0.979084 0.977254 0.974758 0.971588 0.967734 0.963184 0.957929 0.951956 0.945253 0.937807 0.929605 0.92063 0.910867 0.900299 0.900162 0.89975 0.899065 0.898106 0.896873 0.895367 0.893588 0.891537 0.889215 0.886621 0.883758 0.880625 0.877224 0.873556 0.869622 0.865423 0.86096 0.856235 0.851249 0.846004 0.840501 0.834743 0.828729 0.822464 0.815948 0.809183 0.802172 0.794917 0.787419 0.779682 0.771707 0.763497 0.755054 0.746382 0.737482 0.728357 0.719011 0.709445 0.699664 0.689669 0.679464 0.669052 0.658437 0.647621 0.636607 0.6254 0.614002 0.602418 0.590649 0.578701 0.566576 0.554279 0.541813 0.529182 0.51639 0.503441 0.490338 0.477086 0.463688 0.450149 0.436474 0.422665 0.408727 0.394665 0.380483 0.366185 0.351775 0.337258 0.322638 0.30792 0.293109 0.278208 0.263222 0.248156 0.233015 0.217802 0.202523 0.187183 0.171785 0.156335 0.140838 0.125297 0.109719 0.0941069 0.0784662 0.0628017 0.047118 0.03142 0.0157124 0 -0.0155533 -0.0307797 -0.0456683 -0.0602089 -0.0743927 -0.0882114 -0.101657 -0.114724 -0.127404 -0.139693 -0.151585 -0.163075 -0.174158 -0.184831 -0.19509 
0.978148 0.977711 0.976636 0.974914 0.972537 0.969495 0.965778 0.961378 0.956284 0.950484 0.943968 0.936722 0.928733 0.919987 0.910469 0.900162 0.889047 0.888905 0.888481 0.887773 0.886782 0.885509 0.883953 0.882116 0.879998 0.877599 0.874921 0.871964 0.86873 0.865218 0.861431 0.857369 0.853034 0.848428 0.843551 0.838405 0.832992 0.827314 0.821372 0.815169 0.808706 0.801985 0.795008 0.787779 0.780298 0.772569 0.764593 0.756374 0.747914 0.739216 0.730282 0.721115 0.711719 0.702096 0.692249 0.682182 0.671897 0.661398 0.650689 0.639772 0.628651 0.61733 0.605813 0.594102 0.582202 0.570117 0.55785 0.545405 0.532786 0.519998 0.507044 0.493928 0.480655 0.467229 0.453654 0.439935 0.426075 0.41208 0.397953 0.383699 0.369324 0.35483 0.340224 0.325509 0.31069 0.295773 0.280761 0.265659 0.250474 0.235208 0.219867 0.204456 0.188981 0.173445 0.157853 0.142212 0.126525 0.110797 0.0950348 0.079242 0.0634239 0.0475856 0.0317322 0.0158686 0 -0.0157121 -0.0311023 -0.046159 -0.0608721 -0.0752322 -0.0892309 -0.10286 -0.116114 -0.128984 -0.141465 -0.153553 -0.16524 -0.176524 -0.1874 -0.197863 -0.207911 
0.975342 0.974991 0.974009 0.972389 0.970124 0.967203 0.963619 0.959361 0.954421 0.948788 0.94245 0.935395 0.927613 0.919087 0.909805 0.89975 0.888905 0.877252 0.877106 0.876667 0.875935 0.874912 0.873596 0.871989 0.870092 0.867903 0.865426 0.862659 0.859605 0.856265 0.852638 0.848727 0.844533 0.840057 0.835301 0.830266 0.824954 0.819368 0.813507 0.807376 0.800975 0.794306 0.787373 0.780177 0.772721 0.765007 0.757038 0.748816 0.740345 0.731626 0.722664 0.71346 0.704018 0.694342 0.684434 0.674297 0.663936 0.653353 0.642552 0.631537 0.620311 0.608878 0.597242 0.585407 0.573376 0.561154 0.548745 0.536153 0.523382 0.510437 0.497321 0.484039 0.470596 0.456996 0.443243 0.429343 0.415299 0.401117 0.386801 0.372356 0.357786 0.343097 0.328294 0.313382 0.298364 0.283248 0.268036 0.252736 0.237351 0.221886 0.206348 0.190741 0.17507 0.159341 0.143559 0.127729 0.111856 0.0959461 0.0800041 0.0640353 0.0480452 0.032039 0.0160222 0 -0.0158683 -0.0314197 -0.0466422 -0.0615254 -0.0760596 -0.0902362 -0.104047 -0.117485 -0.130543 -0.143216 -0.155497 -0.167381 -0.178863 -0.18994 -0.200607 -0.210861 -0.220697 
0.97237 0.972097 0.971203 0.96968 0.96752 0.964714 0.961255 0.957134 0.952341 0.946866 0.940699 0.933829 0.926244 0.917931 0.908876 0.899065 0.888481 0.877106 0.864921 0.864769 0.864316 0.86356 0.862502 0.861143 0.859482 0.857521 0.85526 0.8527 0.849842 0.846687 0.843235 0.839489 0.835449 0.831117 0.826495 0.821583 0.816384 0.8109 0.805132 0.799082 0.792754 0.786148 0.779267 0.772113 0.76469 0.756999 0.749043 0.740826 0.732349 0.723617 0.714631 0.705395 0.695913 0.686188 0.676222 0.66602 0.655585 0.644921 0.634032 0.62292 0.611591 0.600048 0.588295 0.576337 0.564177 0.55182 0.539269 0.52653 0.513607 0.500505 0.487227 0.473779 0.460166 0.446391 0.43246 0.418378 0.40415 0.389781 0.375275 0.360638 0.345875 0.330991 0.315991 0.300881 0.285665 0.27035 0.25494 0.239441 0.223858 0.208197 0.192463 0.176662 0.160799 0.14488 0.12891 0.112895 0.0968404 0.0807521 0.0646356 0.0484965 0.0323404 0.016173 0 -0.0160219 -0.0317319 -0.0471177 -0.0621686 -0.0768746 -0.0912268 -0.105217 -0.118838 -0.132082 -0.144943 -0.157416 -0.169495 -0.181175 -0.192451 -0.20332 -0.213778 -0.22382 -0.233445 
0.969231 0.969032 0.968219 0.966786 0.964725 0.962029 0.958689 0.954696 0.950043 0.94472 0.938716 0.932023 0.924627 0.916518 0.907682 0.898106 0.887773 0.876667 0.864769 0.85206 0.851904 0.851435 0.850654 0.84956 0.848155 0.846439 0.844412 0.842075 0.839429 0.836475 0.833214 0.829647 0.825776 0.821602 0.817127 0.812351 0.807278 0.801908 0.796244 0.790288 0.784042 0.777508 0.770689 0.763587 0.756205 0.748546 0.740611 0.732405 0.723931 0.71519 0.706187 0.696925 0.687408 0.677638 0.667619 0.657355 0.646851 0.636109 0.625133 0.613928 0.602498 0.590846 0.578978 0.566898 0.554609 0.542117 0.529426 0.516541 0.503466 0.490206 0.476767 0.463152 0.449368 0.435419 0.42131 0.407046 0.392633 0.378076 0.36338 0.348551 0.333594 0.318515 0.303318 0.288011 0.272598 0.257084 0.241477 0.22578 0.210001 0.194145 0.178218 0.162225 0.146172 0.130066 0.113913 0.0977172 0.0814859 0.0652246 0.0489394 0.0326362 0.0163211 0 -0.0161728 -0.0320388 -0.0475853 -0.0628014 -0.0776768 -0.0922023 -0.10637 -0.120171 -0.133599 -0.146647 -0.15931 -0.171582 -0.183457 -0.194932 -0.206001 -0.216662 -0.226909 -0.236741 -0.246153 
0.965926 0.965795 0.965058 0.963709 0.961742 0.959147 0.955919 0.952049 0.947528 0.942349 0.936502 0.929977 0.922763 0.91485 0.906224 0.896873 0.886782 0.875935 0.864316 0.851904 0.838679 0.838518 0.838033 0.837225 0.836094 0.834641 0.832866 0.83077 0.828354 0.825618 0.822564 0.819193 0.815507 0.811505 0.807191 0.802566 0.797631 0.792389 0.786842 0.780991 0.774839 0.768388 0.761641 0.7546 0.747269 0.739649 0.731744 0.723558 0.715092 0.70635 0.697336 0.688054 0.678506 0.668696 0.658629 0.648308 0.637737 0.62692 0.615861 0.604565 0.593036 0.581278 0.569296 0.557095 0.544679 0.532053 0.519221 0.50619 0.492963 0.479547 0.465945 0.452164 0.438209 0.424084 0.409797 0.395351 0.380753 0.366007 0.351121 0.3361 0.320949 0.305674 0.290281 0.274777 0.259166 0.243456 0.227652 0.21176 0.195786 0.179737 0.163618 0.147437 0.131198 0.114909 0.0985762 0.082205 0.065802 0.0493737 0.0329264 0.0164664 0 -0.0163209 -0.0323402 -0.0480449 -0.0634236 -0.0784659 -0.0931624 -0.107504 -0.121484 -0.135094 -0.148327 -0.161178 -0.173641 -0.18571 -0.197381 -0.208649 -0.219511 -0.229962 -0.239999 -0.249619 -0.258819 
0.962455 0.962386 0.96172 0.960449 0.958568 0.95607 0.952947 0.949192 0.944798 0.939756 0.934057 0.927692 0.920652 0.912925 0.904501 0.895367 0.885509 0.874912 0.86356 0.851435 0.838518 0.824786 0.824618 0.824117 0.823281 0.822111 0.820608 0.818772 0.816604 0.814105 0.811276 0.808117 0.804631 0.800819 0.796682 0.792222 0.78744 0.782339 0.776921 0.771188 0.765142 0.758786 0.752122 0.745153 0.737882 0.730311 0.722445 0.714285 0.705836 0.697101 0.688083 0.678785 0.669213 0.659369 0.649258 0.638883 0.628249 0.617361 0.606222 0.594837 0.583212 0.571349 0.559255 0.546934 0.534391 0.521632 0.508661 0.495484 0.482105 0.468532 0.454768 0.44082 0.426693 0.412393 0.397926 0.383297 0.368513 0.35358 0.338503 0.323288 0.307943 0.292473 0.276884 0.261183 0.245376 0.22947 0.21347 0.197384 0.181218 0.164978 0.148672 0.132305 0.115884 0.0994169 0.0829091 0.0663677 0.0497993 0.0332108 0.0166088 0 -0.0164661 -0.032636 -0.0484962 -0.064035 -0.0792417 -0.0941066 -0.108621 -0.122776 -0.136566 -0.149982 -0.163019 -0.175671 -0.187932 -0.199797 -0.211263 -0.222324 -0.232977 -0.243219 -0.253045 -0.262453 -0.27144 
0.95882 0.958807 0.958205 0.957007 0.955207 0.952798 0.949774 0.946127 0.941852 0.936939 0.931381 0.925169 0.918294 0.910746 0.902515 0.893588 0.883953 0.873596 0.862502 0.850654 0.838033 0.824618 0.810388 0.810215 0.809695 0.80883 0.80762 0.806064 0.804164 0.801921 0.799335 0.796408 0.79314 0.789534 0.78559 0.781311 0.776698 0.771753 0.766479 0.760877 0.75495 0.748701 0.742131 0.735245 0.728045 0.720534 0.712715 0.704591 0.696167 0.687445 0.678429 0.669124 0.659533 0.64966 0.63951 0.629086 0.618394 0.607438 0.596222 0.584751 0.573031 0.561066 0.548861 0.536421 0.523753 0.510861 0.49775 0.484427 0.470898 0.457166 0.44324 0.429124 0.414825 0.400349 0.385702 0.37089 0.35592 0.340797 0.325529 0.310122 0.294582 0.278917 0.263132 0.247236 0.231233 0.215132 0.198938 0.18266 0.166304 0.149877 0.133385 0.116837 0.100239 0.083598 0.0669213 0.050216 0.0334893 0.0167482 0 -0.0166085 -0.0329261 -0.0489391 -0.0646353 -0.0800038 -0.0950345 -0.109719 -0.124048 -0.138014 -0.151611 -0.164831 -0.17767 -0.190121 -0.20218 -0.213841 -0.2251 -0.235954 -0.246398 -0.256429 -0.266044 -0.27524 -0.284015 
0.95502 0.955058 0.954515 0.953383 0.951657 0.949331 0.946399 0.942855 0.938691 0.9339 0.928475 0.922408 0.915691 0.908313 0.900265 0.891537 0.882116 0.871989 0.861143 0.84956 0.837225 0.824117 0.810215 0.795494 0.795315 0.794778 0.793882 0.792629 0.791018 0.789051 0.786729 0.784052 0.781022 0.77764 0.773907 0.769826 0.765398 0.760625 0.75551 0.750054 0.74426 0.73813 0.731669 0.724877 0.717759 0.710317 0.702556 0.694478 0.686087 0.677387 0.668381 0.659075 0.649471 0.639575 0.629391 0.618923 0.608176 0.597156 0.585866 0.574312 0.562499 0.550433 0.53812 0.525563 0.51277 0.499745 0.486496 0.473027 0.459346 0.445457 0.431367 0.417084 0.402612 0.387959 0.373131 0.358135 0.342977 0.327665 0.312206 0.296605 0.280871 0.265011 0.249031 0.232939 0.216742 0.200447 0.184062 0.167594 0.151051 0.134439 0.117767 0.101042 0.0842713 0.0674626 0.0506236 0.0337617 0.0168847 0 -0.016748 -0.0332105 -0.0493735 -0.0652243 -0.0807519 -0.0959459 -0.110797 -0.125297 -0.139438 -0.153213 -0.166615 -0.179639 -0.192278 -0.204527 -0.216382 -0.227837 -0.23889 -0.249535 -0.25977 -0.269591 -0.278995 -0.287979 -0.296541 
0.951056 0.95114 0.950649 0.949578 0.94792 0.945671 0.942825 0.939375 0.935316 0.93064 0.925341 0.919411 0.912842 0.905626 0.897754 0.889215 0.879998 0.870091 0.859482 0.848155 0.836094 0.823281 0.809695 0.795315 0.780115 0.779929 0.779372 0.778444 0.777146 0.775478 0.773441 0.771035 0.768263 0.765125 0.761623 0.757758 0.753533 0.748949 0.744009 0.738714 0.733068 0.727073 0.720732 0.714048 0.707024 0.699664 0.69197 0.683947 0.675599 0.666929 0.657942 0.648642 0.639033 0.629119 0.618907 0.608399 0.597603 0.586521 0.575161 0.563527 0.551624 0.53946 0.527038 0.514365 0.501448 0.488292 0.474904 0.461289 0.447455 0.433409 0.419155 0.404703 0.390057 0.375226 0.360217 0.345036 0.329691 0.314189 0.298537 0.282743 0.266815 0.25076 0.234585 0.218299 0.201909 0.185422 0.168848 0.152193 0.135466 0.118674 0.101825 0.0849287 0.0679915 0.0510219 0.0340281 0.0170181 0 -0.0168844 -0.033489 -0.0497991 -0.0658018 -0.0814856 -0.0968401 -0.111856 -0.126524 -0.140838 -0.154788 -0.168369 -0.181575 -0.1944 -0.206838 -0.218884 -0.230534 -0.241784 -0.252629 -0.263066 -0.273091 -0.282701 -0.291894 -0.300667 -0.309017 
0.94693 0.947054 0.94661 0.945593 0.943997 0.941819 0.939051 0.935689 0.931727 0.927159 0.921978 0.916177 0.909749 0.902686 0.89498 0.886621 0.877599 0.867903 0.857521 0.846439 0.834641 0.822111 0.80883 0.794778 0.779929 0.764258 0.764066 0.763489 0.762527 0.761181 0.759453 0.757341 0.754849 0.751976 0.748725 0.745097 0.741093 0.736716 0.731969 0.726853 0.721371 0.715525 0.709319 0.702757 0.69584 0.688573 0.680959 0.673002 0.664707 0.656076 0.647116 0.637829 0.628222 0.618298 0.608063 0.597521 0.586679 0.575541 0.564113 0.552402 0.540412 0.52815 0.515622 0.502835 0.489794 0.476507 0.46298 0.44922 0.435233 0.421028 0.40661 0.391987 0.377168 0.362158 0.346966 0.331599 0.316065 0.300373 0.284528 0.268541 0.252418 0.236169 0.2198 0.203321 0.186739 0.170063 0.153302 0.136464 0.119556 0.102589 0.0855698 0.0685076 0.0514109 0.0342883 0.0171485 0 -0.0170179 -0.0337615 -0.0502158 -0.0663674 -0.0822047 -0.097717 -0.112895 -0.127729 -0.142211 -0.156335 -0.170093 -0.183479 -0.196487 -0.209111 -0.221347 -0.23319 -0.244634 -0.255677 -0.266315 -0.276543 -0.286358 -0.295758 -0.30474 -0.313301 -0.321439 
0.942641 0.942799 0.942396 0.941428 0.939888 0.937774 0.935078 0.931798 0.927926 0.923458 0.918387 0.912707 0.906412 0.899494 0.891946 0.883758 0.874921 0.865426 0.85526 0.844411 0.832866 0.820608 0.80762 0.793882 0.779372 0.764066 0.747934 0.747735 0.747136 0.746139 0.744744 0.742951 0.740762 0.738178 0.735199 0.731829 0.728068 0.723918 0.719382 0.714463 0.709162 0.703483 0.697428 0.691001 0.684206 0.677045 0.669523 0.661644 0.653412 0.644831 0.635907 0.626643 0.617044 0.607116 0.596865 0.586294 0.575411 0.564221 0.55273 0.540944 0.52887 0.516513 0.50388 0.490979 0.477816 0.464397 0.450731 0.436825 0.422685 0.40832 0.393737 0.378944 0.363948 0.348759 0.333383 0.31783 0.302106 0.286222 0.270185 0.254004 0.237687 0.221244 0.204682 0.188011 0.17124 0.154377 0.137433 0.120414 0.103332 0.0861943 0.0690107 0.0517903 0.0345422 0.0172757 0 -0.0171482 -0.0340279 -0.0506234 -0.066921 -0.0829089 -0.0985759 -0.113912 -0.128909 -0.143559 -0.157853 -0.171785 -0.185348 -0.198537 -0.211345 -0.223769 -0.235801 -0.24744 -0.258679 -0.269515 -0.279944 -0.289963 -0.299569 -0.308759 -0.31753 -0.32588 -0.333807 
0.938191 0.938378 0.93801 0.937084 0.935595 0.933537 0.930908 0.927702 0.923913 0.919538 0.91457 0.909004 0.902833 0.896051 0.888651 0.880625 0.871964 0.862659 0.8527 0.842075 0.83077 0.818772 0.806064 0.792629 0.778444 0.763489 0.747735 0.731153 0.730946 0.730325 0.72929 0.727843 0.725983 0.723711 0.72103 0.71794 0.714444 0.710543 0.70624 0.701537 0.696436 0.690941 0.685054 0.678779 0.67212 0.665081 0.657664 0.649875 0.641718 0.633197 0.624318 0.615085 0.605504 0.59558 0.585318 0.574725 0.563807 0.552569 0.541018 0.529161 0.517004 0.504554 0.491818 0.478804 0.465518 0.451969 0.438164 0.424111 0.409817 0.395291 0.380542 0.365577 0.350405 0.335034 0.319473 0.303732 0.287819 0.271742 0.255512 0.239137 0.222626 0.20599 0.189236 0.172376 0.155418 0.138372 0.121247 0.104054 0.0868019 0.0695006 0.0521599 0.0347897 0.0173998 0 -0.0172755 -0.0342881 -0.0510217 -0.0674624 -0.0835978 -0.0994167 -0.114909 -0.130066 -0.144879 -0.159341 -0.173444 -0.187182 -0.200549 -0.21354 -0.226148 -0.238369 -0.250198 -0.261631 -0.272664 -0.283293 -0.293514 -0.303324 -0.312721 -0.321701 -0.330262 -0.338401 -0.346117 
0.93358 0.93379 0.933452 0.932563 0.931117 0.929111 0.926541 0.923402 0.91969 0.9154 0.910527 0.905066 0.899012 0.892358 0.885098 0.877224 0.86873 0.859605 0.849842 0.839429 0.828354 0.816604 0.804164 0.791018 0.777146 0.762527 0.747136 0.730946 0.713925 0.71371 0.713065 0.711991 0.710488 0.708556 0.706198 0.703415 0.700208 0.696579 0.69253 0.688064 0.683184 0.677892 0.672192 0.666087 0.659581 0.652678 0.645381 0.637696 0.629626 0.621177 0.612354 0.603162 0.593607 0.583695 0.57343 0.562821 0.551872 0.540591 0.528984 0.517058 0.504822 0.492281 0.479443 0.466317 0.45291 0.43923 0.425285 0.411084 0.396636 0.381948 0.367031 0.351893 0.336542 0.320989 0.305242 0.289312 0.273207 0.256938 0.240514 0.223945 0.207242 0.190413 0.17347 0.156422 0.13928 0.122054 0.104755 0.0873921 0.0699769 0.0525196 0.0350307 0.0175206 0 -0.0173995 -0.034542 -0.0514107 -0.0679912 -0.084271 -0.100239 -0.115884 -0.131198 -0.146172 -0.160799 -0.17507 -0.18898 -0.202523 -0.215692 -0.228483 -0.240889 -0.252907 -0.264532 -0.27576 -0.286587 -0.297008 -0.307022 -0.316624 -0.325812 -0.334582 -0.342933 -0.350862 -0.358368 
0.92881 0.929037 0.928723 0.927864 0.926456 0.924495 0.921977 0.918899 0.915257 0.911045 0.90626 0.900896 0.89495 0.888415 0.881286 0.873556 0.865218 0.856264 0.846687 0.836475 0.825618 0.814105 0.801921 0.789051 0.775478 0.761181 0.746139 0.730325 0.71371 0.696261 0.696038 0.695367 0.694251 0.692689 0.690682 0.688232 0.68534 0.682009 0.678239 0.674034 0.669397 0.66433 0.658837 0.65292 0.646585 0.639835 0.632673 0.625106 0.617138 0.608773 0.600018 0.590878 0.581358 0.571466 0.561206 0.550586 0.539613 0.528294 0.516635 0.504645 0.492331 0.479701 0.466763 0.453525 0.439997 0.426186 0.412101 0.397752 0.383147 0.368297 0.35321 0.337897 0.322367 0.306629 0.290695 0.274575 0.258278 0.241815 0.225197 0.208435 0.191539 0.17452 0.157388 0.140156 0.122834 0.105433 0.0879646 0.0704396 0.0528693 0.035265 0.0176382 0 -0.0175204 -0.0347895 -0.05179 -0.0685073 -0.0849284 -0.101042 -0.116837 -0.132305 -0.147436 -0.162224 -0.176662 -0.190741 -0.204456 -0.217802 -0.230772 -0.243362 -0.255566 -0.267381 -0.278802 -0.289824 -0.300444 -0.310659 -0.320465 -0.329859 -0.338838 -0.3474 -0.355542 -0.363261 -0.370557 
0.92388 0.924119 0.923824 0.922989 0.921613 0.919691 0.917219 0.914195 0.910614 0.906474 0.901769 0.896495 0.890649 0.884225 0.877218 0.869622 0.861431 0.852638 0.843235 0.833214 0.822564 0.811276 0.799335 0.786729 0.773441 0.759453 0.744744 0.72929 0.713065 0.696038 0.678171 0.677939 0.677242 0.67608 0.674456 0.672369 0.669822 0.666815 0.663351 0.659433 0.655063 0.650244 0.644979 0.639272 0.633127 0.626548 0.61954 0.612107 0.604255 0.595988 0.587313 0.578236 0.568762 0.558899 0.548652 0.538029 0.527038 0.515685 0.503979 0.491928 0.479539 0.466822 0.453785 0.440437 0.426787 0.412844 0.398619 0.38412 0.369358 0.354343 0.339086 0.323595 0.307883 0.29196 0.275837 0.259525 0.243035 0.226378 0.209566 0.192611 0.175524 0.158316 0.141 0.123587 0.106089 0.0885191 0.0708882 0.0532087 0.0354927 0.0177524 0 -0.017638 -0.0350304 -0.0521597 -0.0690105 -0.0855695 -0.101825 -0.117767 -0.133385 -0.148672 -0.163618 -0.178217 -0.192463 -0.206348 -0.219867 -0.233014 -0.245785 -0.258173 -0.270175 -0.281786 -0.293002 -0.303819 -0.314233 -0.324242 -0.33384 -0.343027 -0.351798 -0.360151 -0.368085 -0.375596 -0.382683 
0.918791 0.919038 0.918755 0.917939 0.916588 0.914699 0.912267 0.90929 0.905765 0.901688 0.897055 0.891864 0.886109 0.879787 0.872893 0.865423 0.857369 0.848727 0.839489 0.829647 0.819193 0.808117 0.796408 0.784052 0.771035 0.757341 0.742951 0.727843 0.711991 0.695367 0.677939 0.659666 0.659424 0.658699 0.65749 0.655799 0.653628 0.650976 0.647848 0.644244 0.640167 0.635622 0.630609 0.625135 0.619202 0.612815 0.605978 0.598697 0.590977 0.582823 0.574242 0.56524 0.555823 0.545999 0.535774 0.525156 0.514153 0.502773 0.491024 0.478915 0.466455 0.453652 0.440517 0.427059 0.413288 0.399213 0.384846 0.370196 0.355275 0.340094 0.324663 0.308993 0.293098 0.276987 0.260673 0.244168 0.227484 0.210633 0.193627 0.176479 0.159203 0.141809 0.124311 0.106722 0.089055 0.0713225 0.0535377 0.0357136 0.0178634 0 -0.0177522 -0.0352648 -0.0525194 -0.0695003 -0.0861941 -0.102589 -0.118673 -0.134439 -0.149876 -0.164978 -0.179736 -0.194145 -0.208197 -0.221886 -0.235208 -0.248156 -0.260726 -0.272912 -0.284712 -0.296119 -0.30713 -0.317742 -0.327951 -0.337753 -0.347145 -0.356124 -0.364688 -0.372835 -0.38056 -0.387864 -0.394744 
0.913545 0.913793 0.913517 0.912715 0.911384 0.90952 0.907121 0.904185 0.900708 0.896688 0.89212 0.887003 0.881332 0.875104 0.868315 0.86096 0.853034 0.844533 0.835449 0.825776 0.815507 0.804631 0.79314 0.781022 0.768263 0.754849 0.740762 0.725983 0.710488 0.694251 0.677242 0.659424 0.640758 0.640506 0.63975 0.638491 0.63673 0.634467 0.631705 0.628446 0.624693 0.620449 0.615716 0.610499 0.604801 0.598628 0.591984 0.584874 0.577303 0.569279 0.560807 0.551893 0.542546 0.532771 0.522578 0.511973 0.500965 0.489563 0.477777 0.465614 0.453085 0.440199 0.426967 0.413399 0.399506 0.385299 0.370789 0.355986 0.340904 0.325554 0.309947 0.294097 0.278015 0.261714 0.245208 0.228508 0.211629 0.194583 0.177385 0.160046 0.142582 0.125006 0.107331 0.0895719 0.0717422 0.0538561 0.0359276 0.0179709 0 -0.0178632 -0.0354925 -0.0528691 -0.0699767 -0.0868016 -0.103332 -0.119556 -0.135465 -0.15105 -0.166304 -0.181218 -0.195786 -0.210001 -0.223858 -0.23735 -0.250473 -0.263222 -0.275591 -0.287575 -0.299172 -0.310376 -0.321183 -0.33159 -0.341593 -0.35119 -0.360376 -0.369149 -0.377507 -0.385447 -0.392966 -0.400063 -0.406736 
0.908143 0.908387 0.908112 0.907318 0.906 0.904156 0.901784 0.898882 0.895446 0.891475 0.886965 0.881914 0.876319 0.870177 0.863483 0.856235 0.848428 0.840057 0.831117 0.821602 0.811505 0.800819 0.789534 0.77764 0.765125 0.751976 0.738178 0.723711 0.708556 0.692689 0.67608 0.658699 0.640506 0.621459 0.621196 0.620407 0.619094 0.617257 0.614897 0.612018 0.60862 0.604707 0.600283 0.595351 0.589915 0.58398 0.577551 0.570634 0.563233 0.555356 0.547009 0.538199 0.528934 0.519221 0.509069 0.498487 0.487482 0.476065 0.464245 0.452033 0.439438 0.426471 0.413143 0.399466 0.385451 0.37111 0.356454 0.341497 0.326251 0.310729 0.294945 0.27891 0.26264 0.246147 0.229446 0.212551 0.195477 0.178236 0.160845 0.143318 0.12567 0.107915 0.0900692 0.072147 0.0541637 0.0361346 0.018075 0 -0.0179707 -0.0357134 -0.0532085 -0.0704394 -0.0873919 -0.104054 -0.120414 -0.136463 -0.152193 -0.167594 -0.18266 -0.197384 -0.211759 -0.22578 -0.239441 -0.252735 -0.265659 -0.278207 -0.290375 -0.302158 -0.313552 -0.324552 -0.335156 -0.345359 -0.355158 -0.36455 -0.373531 -0.382099 -0.390252 -0.397986 -0.4053 -0.412192 -0.41866 
0.902585 0.902819 0.902541 0.901748 0.900437 0.898608 0.896256 0.893381 0.88998 0.886051 0.881591 0.876599 0.871072 0.865006 0.8584 0.851249 0.843551 0.835301 0.826495 0.817127 0.807191 0.796682 0.78559 0.773907 0.761623 0.748725 0.735199 0.72103 0.706198 0.690682 0.674456 0.65749 0.63975 0.621196 0.601779 0.601505 0.600681 0.59931 0.597392 0.594928 0.591922 0.588376 0.584293 0.579677 0.574531 0.568862 0.562674 0.555972 0.548763 0.541053 0.532849 0.52416 0.514992 0.505354 0.495255 0.484704 0.473711 0.462286 0.450438 0.43818 0.425522 0.412476 0.399054 0.385267 0.371129 0.356652 0.34185 0.326736 0.311323 0.295627 0.279661 0.26344 0.246978 0.230291 0.213394 0.196302 0.179031 0.161597 0.144015 0.126302 0.108474 0.0905465 0.0725365 0.0544604 0.0363345 0.0181756 0 -0.0180748 -0.0359274 -0.0535375 -0.070888 -0.0879644 -0.104754 -0.121247 -0.137432 -0.153302 -0.168848 -0.184062 -0.198938 -0.21347 -0.227651 -0.241476 -0.25494 -0.268036 -0.28076 -0.293108 -0.305075 -0.316656 -0.327848 -0.338646 -0.349047 -0.359046 -0.368642 -0.37783 -0.386607 -0.394971 -0.40292 -0.41045 -0.41756 -0.424247 -0.430511 
0.896873 0.897092 0.896804 0.896007 0.894698 0.892876 0.890539 0.887684 0.884311 0.880417 0.876 0.871059 0.865591 0.859594 0.853066 0.846004 0.838405 0.830266 0.821583 0.812351 0.802566 0.792221 0.781311 0.769826 0.757758 0.745097 0.731829 0.71794 0.703415 0.688232 0.672369 0.655799 0.638491 0.620407 0.601505 0.581732 0.581445 0.580584 0.57915 0.577145 0.57457 0.571428 0.567722 0.563456 0.558634 0.55326 0.547341 0.540881 0.533887 0.526367 0.518327 0.509776 0.500721 0.491173 0.481139 0.470631 0.459659 0.448232 0.436364 0.424064 0.411347 0.398223 0.384706 0.37081 0.356548 0.341934 0.326982 0.311708 0.296126 0.280252 0.264101 0.247689 0.231034 0.21415 0.197055 0.179765 0.162298 0.144671 0.126901 0.109006 0.091003 0.0729104 0.0547458 0.0365273 0.0182726 0 -0.0181754 -0.0361344 -0.0538559 -0.0713223 -0.0885189 -0.105433 -0.122054 -0.138371 -0.154377 -0.170063 -0.185422 -0.200447 -0.215131 -0.22947 -0.243456 -0.257084 -0.27035 -0.283247 -0.295772 -0.30792 -0.319686 -0.331066 -0.342056 -0.352652 -0.362851 -0.372648 -0.382041 -0.391026 -0.399601 -0.407763 -0.415508 -0.422836 -0.429743 -0.436228 -0.442288 
